212
218
220
228
234
229
217
222
233
258
221
228
214
216
228
218
234
216
342
290
308
263
254
219
217
237
224
221
232
213
217
234
215
217
217
217
234
267
225
216
215
220
219
217
242
285
266
224
227
252
321
327
251
234
242
223
233
223
273
361
306
225
250
227
225
221
231
227
226
222
226
220
217
214
246
227
286
249
233
215
217
218
273
228
223
220
265
232
225
218
234
226
228
219
216
244
220
216
217
216
215
224
232
233
255
219
215
244
225
228
215
217
215
217
215
219
214
245
218
216
220
279
220
234
228
234
245
236
229
216
216
215
230
220
228
237
226
217
217
234
231
238
222
222
215
216
238
225
216
222
245
214
219
230
218
216
217
217
218
218
215
237
228
231
217
230
218
214
217
228
223
222
217
221
228
243
220
233
220
220
228
232
220
230
220
229
253
226
216
218
220
216
216
215
219
219
215
216
299
217
217
224
222
216
225
225
220
215
217
237
228
229
237
212
218
233
243
220
219
227
411
223
217
214
649
368
326
301
245
221
231
479
220
217
309
214
221
227
219
213
220
215
239
227
219
274
227
230
353
263
288
269
229
225
228
216
238
223
223
226
216
216
224
251
385
214
214
255
226
217
217
218
217
222
230
215
218
213
218
233
215
228
217
219
218
218
214
216
217
218
216
215
220
217
217
219
216
299
272
318
253
378
277
222
217
729
286
221
222
241
225
226
216
216
223
227
232
216
223
214
217
217
219
236
229
227
220
215
217
372
247
231
220
411
221
218
213
339
222
214
227
436
345
351
320
290
292
231
236
226
225
215
232
218
211
217
218
214
456
256
225
222
229
247
229
217
253
228
235
236
222
235
294
214
217
229
240
270
222
233
226
218
216
216
217
231
229
217
219
218
216
231
266
221
281
217
217
313
231
216
230
224
216
219
226
220
229
216
217
217
232
216
216
218
216
217
231
218
230
218
218
219
215
223
218
215
220
219
216
215
221
230
216
217
220
212
219
213
217
215
215
214
214
216
219
215
216
221
231
231
235
228
218
219
215
217
219
229
219
216
231
217
216
218
235
245
217
232
228
218
230
229
215
216
217
217
215
218
215
223
243
336
224
217
238
223
216
235
289
319
301
324
292
317
311
307
304
307
310
324
328
429
307
235
219
220
219
236
229
217
221
232
220
219
218
222
225
215
234
216
230
222
219
221
214
219
218
218
216
226
223
226
216
214
218
217
216
228
225
221
230
306
219
216
227
231
216
218
228
228
230
226
229
218
218
217
236
217
217
217
216
217
229
231
232
245
221
225
219
217
222
220
228
215
270
276
235
222
248
245
339
289
220
228
224
382
228
218
256
386
227
219
277
219
222
214
351
334
294
218
235
224
215
219
254
233
394
247
236
217
231
218
248
317
223
335
224
414
216
220
252
245
213
222
218
423
313
233
293
216
238
227
229
307
216
219
220
228
279
216
215
215
275
223
250
415
236
216
231
232
233
225
219
371
217
223
288
263
219
218
218
231
254
231
227
274
251
226
227
215
233
217
232
234
212
216
221
230
445
231
219
219
216
260
220
216
292
289
320
258
234
221
218
255
226
218
219
281
229
227
221
212
238
227
218
249
262
215
218
248
220
230
219
231
233
220
218
229
296
241
220
222
216
228
218
229
228
224
253
230
219
215
218
217
243
231
231
218
218
231
218
233
229
220
228
217
230
221
220
221
232
228
218
217
219
229
217
214
223
229
241
221
223
227
217
223
239
221
215
216
223
230
217
214
217
217
219
214
221
213
218
213
216
216
216
218
217
214
233
218
250
215
214
216
292
225
221
225
215
222
225
218
223
236
222
217
234
226
221
217
228
218
215
219
215
215
266
247
228
231
218
229
215
233
216
236
224
221
230
217
219
220
212
218
