1647
1555
1542
1184
1865
2115
1211
2015
1562
1396
1265
1745
1197
1927
1611
1842
1142
1272
1436
2148
1757
1926
2204
1160
1577
1623
1617
2235
1412
1637
1848
2078
1133
1373
947
1676
1250
1262
2213
1735
1220
1545
1516
1285
1750
2325
2286
1408
1538
1440
1248
1842
1361
1376
2003
1719
1383
1774
1809
1939
1813
943
1544
1797
1850
1623
1136
1050
1891
1659
1581
1586
1922
2151
1879
1126
2087
1972
925
1902
1641
1185
1991
2258
1500
1467
2111
1624
1527
1596
1980
2032
1430
2153
2035
1127
1409
1108
1703
1641
1896
2337
1695
1431
1547
1734
1536
1560
2014
1757
1884
1701
1676
1666
1862
1854
1509
1678
1336
1398
1629
1576
1313
1782
1719
1667
1328
1393
1637
2300
1487
2285
2319
1373
1826
1888
1645
1995
2281
1517
1793
1368
1578
2010
1451
