224
234
234
236
222
245
226
256
266
223
244
256
235
236
237
231
262
225
233
224
222
235
232
223
551
281
226
234
251
338
288
232
292
246
237
262
298
329
291
294
312
316
308
281
265
267
224
237
276
313
229
267
290
241
246
239
303
221
225
230
226
223
222
240
250
242
236
233
242
237
246
222
225
259
229
229
224
225
225
230
232
235
222
237
224
227
247
231
240
225
223
229
238
240
221
233
234
238
237
222
225
238
223
227
258
231
241
222
236
239
223
261
225
236
236
221
223
235
232
221
249
230
222
231
242
224
221
234
232
259
225
225
223
245
225
228
229
222
235
242
236
231
234
256
223
237
228
225
222
229
227
224
224
226
221
228
249
245
223
226
235
231
261
233
238
222
229
226
233
258
229
233
221
239
234
237
230
236
293
225
264
243
236
254
245
241
241
228
222
237
222
220
223
236
262
224
240
235
232
222
239
231
247
229
293
234
252
224
223
275
224
221
222
227
258
225
239
221
231
232
235
235
233
225
221
248
253
238
237
223
230
234
223
237
244
233
223
222
253
231
220
225
289
268
227
223
245
225
222
247
239
222
225
222
232
283
231
228
234
227
250
221
257
239
224
223
233
222
244
234
228
235
235
223
222
222
254
243
229
243
232
222
223
229
239
224
230
226
248
225
236
222
228
226
222
224
232
235
223
238
248
237
222
238
263
242
242
228
227
247
240
222
232
247
223
221
282
232
241
236
230
239
233
224
237
233
222
237
242
260
260
236
222
240
234
236
222
221
236
280
237
221
228
235
240
228
233
227
275
225
230
250
236
246
228
221
238
223
242
240
236
222
226
222
230
227
237
223
248
223
224
233
234
222
221
231
222
222
232
245
240
224
233
225
286
221
312
237
234
228
223
244
232
221
262
224
222
263
239
221
246
223
234
269
240
222
238
234
222
224
244
269
231
228
235
229
222
236
256
236
257
251
258
241
237
247
244
232
222
236
225
250
246
256
287
234
222
221
246
240
225
221
233
224
230
221
246
231
237
231
227
237
222
250
251
234
307
329
224
311
341
229
273
231
222
233
225
233
221
255
232
226
235
310
228
241
242
238
231
232
228
222
238
238
253
245
231
231
233
248
237
245
241
258
255
223
252
237
231
241
235
256
225
225
233
222
229
235
231
222
237
231
241
237
232
222
230
221
237
247
226
264
236
223
221
239
237
224
234
274
229
247
222
237
255
220
299
234
230
271
230
230
236
254
239
238
234
249
239
239
234
251
235
244
225
230
249
232
292
249
230
227
238
235
222
238
240
247
229
235
227
236
236
236
236
231
237
254
277
309
370
224
268
246
243
221
231
318
296
222
232
245
239
222
225
229
245
240
223
237
250
326
228
253
240
223
265
235
236
236
225
223
224
236
237
265
267
249
225
246
286
223
266
230
248
247
229
221
234
236
231
233
234
236
221
233
263
226
236
283
232
236
253
273
223
232
226
233
234
237
220
231
259
307
237
237
223
222
226
257
235
284
224
219
238
266
228
236
246
244
242
227
221
286
238
221
256
235
236
239
245
226
245
238
280
236
223
222
232
220
227
233
236
242
229
224
223
221
236
230
255
232
224
267
254
230
224
272
228
237
227
224
224
235
236
234
254
256
228
228
223
232
223
222
232
226
235
228
229
235
232
224
261
248
279
236
236
241
225
221
226
249
231
222
222
223
231
238
236
223
227
233
222
246
234
236
235
238
234
222
234
237
234
268
237
259
221
234
234
244
228
241
233
235
241
228
234
222
228
239
235
224
235
231
225
221
234
237
236
233
232
235
243
226
237
230
224
236
236
236
224
227
266
252
246
243
221
224
233
345
503
234
223
234
225
335
227
222
234
493
230
222
231
230
225
224
237
222
252
241
255
236
233
241
261
245
243
222
255
225
221
258
227
226
234
236
236
221
225
235
224
266
232
224
252
226
233
249
227
258
227
224
236
223
222
239
265
233
238
233
239
231
236
222
236
239
222
253
229
239
233
233
232
232
221
234
225
236
222
254
225
231
236
221
226
238
224
233
233
226
236
221
235
241
221
235
258
229
225
243
223
230
231
223
236
235
226
231
225
235
237
233
223
234
238
235
237
226
247
235
237
233
231
223
232
236
222
236
238
240
242
225
225
264
239
224
222
242
246
244
230
222
301
298
299
233
225
229
271
236
239
237
279
