1646
2643
3016
2215
1037
2425
2140
1830
2446
1845
1346
2195
2279
1796
2184
2069
1713
1098
2053
2404
1971
1977
2324
2201
1567
1041
2363
1958
1600
1759
2029
2142
1887
1743
2836
2543
2408
2327
1864
2416
2084
1475
2015
1831
2141
2125
1708
2245
1858
2343
1905
2788
1704
4869
2963
3186
2427
1857
2225
2522
2676
1773
2693
1887
2468
1662
1665
2041
1723
2961
2942
2524
2409
2011
2832
2464
3001
1873
1072
2159
2281
3560
3014
2464
1842
1929
1721
977
1320
1870
1480
1449
2113
2615
1020
1829
1570
2040
1882
2216
1875
2035
1567
2232
878
1891
2116
1964
793
2227
1923
2070
1994
1548
870
1661
1200
